1. the number of matrices A from M3,5(Z2) in reduced echelon form is: 342
2. the matrices A from M3,5(Z2) in reduced echelon form are:
[[0 1 0 1 0]
 [0 0 1 0 1]
 [0 0 0 0 0]]
[[1 0 0 0 1]
 [0 1 0 1 0]
 [0 0 1 1 0]]
[[1 1 1 0 0]
 [0 0 0 1 0]
 [0 0 0 0 0]]
[[1 0 1 0 0]
 [0 1 1 0 0]
 [0 0 0 0 0]]
[[1 0 0 0 0]
 [0 1 0 0 0]
 [0 0 0 0 0]]
[[1 0 0 0 0]
 [0 1 0 0 0]
 [0 0 1 1 1]]
[[1 0 0 0 1]
 [0 0 1 0 1]
 [0 0 0 0 0]]
[[0 1 0 0 0]
 [0 0 1 0 1]
 [0 0 0 1 0]]
[[1 0 0 1 0]
 [0 1 0 1 1]
 [0 0 1 0 0]]
[[1 1 0 0 1]
 [0 0 0 1 0]
 [0 0 0 0 0]]
[[1 0 0 0 1]
 [0 1 1 0 0]
 [0 0 0 1 1]]
[[1 0 0 1 1]
 [0 1 0 1 0]
 [0 0 0 0 0]]
[[1 1 0 1 0]
 [0 0 1 0 0]
 [0 0 0 0 0]]
[[1 0 0 0 0]
 [0 0 1 0 0]
 [0 0 0 1 0]]
[[1 0 0 1 1]
 [0 1 0 0 1]
 [0 0 1 1 0]]
[[1 0 0 1 1]
 [0 1 0 1 0]
 [0 0 1 1 1]]
[[1 0 0 1 0]
 [0 0 1 0 0]
 [0 0 0 0 1]]
[[1 0 1 1 1]
 [0 0 0 0 0]
 [0 0 0 0 0]]
[[1 1 1 1 0]
 [0 0 0 0 1]
 [0 0 0 0 0]]
[[1 0 0 1 1]
 [0 0 1 1 0]
 [0 0 0 0 0]]
[[1 0 0 0 0]
 [0 1 1 0 1]
 [0 0 0 0 0]]
[[1 0 1 0 0]
 [0 1 0 0 0]
 [0 0 0 1 0]]
[[1 1 0 0 1]
 [0 0 0 0 0]
 [0 0 0 0 0]]
[[1 0 0 1 1]
 [0 1 1 0 0]
 [0 0 0 0 0]]
[[1 1 0 0 0]
 [0 0 0 0 0]
 [0 0 0 0 0]]
[[0 0 0 0 0]
 [0 0 0 0 0]
 [0 0 0 0 0]]
[[0 1 0 1 0]
 [0 0 1 0 0]
 [0 0 0 0 1]]
[[1 0 0 0 0]
 [0 0 1 1 1]
 [0 0 0 0 0]]
[[1 0 0 0 0]
 [0 0 0 1 0]
 [0 0 0 0 1]]
[[1 0 0 1 1]
 [0 1 0 1 1]
 [0 0 0 0 0]]
[[1 0 0 1 0]
 [0 1 0 0 0]
 [0 0 0 0 1]]
[[1 0 0 1 1]
 [0 1 0 1 1]
 [0 0 1 1 1]]
[[1 0 0 1 0]
 [0 1 0 0 1]
 [0 0 1 0 1]]
[[0 1 1 0 0]
 [0 0 0 1 1]
 [0 0 0 0 0]]
[[1 0 0 0 1]
 [0 1 0 0 1]
 [0 0 0 0 0]]
[[1 0 0 0 1]
 [0 1 0 0 1]
 [0 0 1 1 1]]
[[1 0 1 1 1]
 [0 1 1 0 0]
 [0 0 0 0 0]]
[[0 1 0 0 1]
 [0 0 1 0 1]
 [0 0 0 1 0]]
[[1 1 0 0 0]
 [0 0 1 1 0]
 [0 0 0 0 0]]
[[0 1 0 0 1]
 [0 0 1 0 0]
 [0 0 0 1 1]]
[[0 1 0 0 0]
 [0 0 1 0 0]
 [0 0 0 1 1]]
[[0 1 0 0 0]
 [0 0 1 0 0]
 [0 0 0 0 1]]
[[1 0 1 0 0]
 [0 1 1 0 0]
 [0 0 0 1 0]]
[[1 0 1 0 0]
 [0 1 1 1 1]
 [0 0 0 0 0]]
[[1 0 1 0 1]
 [0 1 0 1 0]
 [0 0 0 0 0]]
[[1 0 0 0 0]
 [0 1 0 0 0]
 [0 0 0 1 0]]
[[1 0 0 0 1]
 [0 1 1 1 0]
 [0 0 0 0 0]]
[[1 0 0 0 1]
 [0 1 0 1 1]
 [0 0 1 0 0]]
[[1 0 0 0 1]
 [0 0 1 0 1]
 [0 0 0 1 0]]
[[1 1 1 0 1]
 [0 0 0 1 1]
 [0 0 0 0 0]]
[[1 0 0 0 0]
 [0 0 1 0 1]
 [0 0 0 0 0]]
[[1 0 0 0 0]
 [0 0 1 1 0]
 [0 0 0 0 1]]
[[1 0 0 0 1]
 [0 0 1 0 0]
 [0 0 0 1 1]]
[[1 0 0 0 0]
 [0 1 1 0 0]
 [0 0 0 1 1]]
[[1 0 0 0 0]
 [0 1 1 0 0]
 [0 0 0 0 1]]
[[1 0 0 0 1]
 [0 1 0 0 0]
 [0 0 1 1 0]]
[[0 0 1 0 0]
 [0 0 0 1 0]
 [0 0 0 0 0]]
[[0 1 0 1 1]
 [0 0 1 1 0]
 [0 0 0 0 0]]
[[1 0 1 1 0]
 [0 0 0 0 0]
 [0 0 0 0 0]]
[[0 1 1 0 1]
 [0 0 0 1 0]
 [0 0 0 0 0]]
[[1 0 1 0 1]
 [0 1 0 1 1]
 [0 0 0 0 0]]
[[1 0 0 1 0]
 [0 1 0 0 0]
 [0 0 1 0 0]]
[[1 0 0 1 0]
 [0 0 1 1 0]
 [0 0 0 0 0]]
[[1 0 0 0 0]
 [0 1 1 0 1]
 [0 0 0 1 0]]
[[0 1 0 0 1]
 [0 0 0 1 0]
 [0 0 0 0 0]]
[[0 1 0 0 0]
 [0 0 0 1 0]
 [0 0 0 0 0]]
[[1 1 0 0 1]
 [0 0 1 1 0]
 [0 0 0 0 0]]
[[0 1 1 1 0]
 [0 0 0 0 1]
 [0 0 0 0 0]]
[[1 0 0 0 1]
 [0 1 0 1 0]
 [0 0 1 0 0]]
[[1 0 0 1 1]
 [0 0 1 0 0]
 [0 0 0 0 0]]
[[1 0 0 1 1]
 [0 1 1 1 1]
 [0 0 0 0 0]]
[[1 1 0 1 0]
 [0 0 1 1 1]
 [0 0 0 0 0]]
[[1 0 0 0 0]
 [0 1 0 0 0]
 [0 0 1 0 1]]
[[1 0 1 0 1]
 [0 1 1 1 1]
 [0 0 0 0 0]]
[[1 0 1 1 1]
 [0 1 0 0 1]
 [0 0 0 0 0]]
[[1 0 0 0 1]
 [0 1 0 0 1]
 [0 0 0 1 0]]
[[1 0 0 0 0]
 [0 1 0 0 1]
 [0 0 0 0 0]]
[[1 0 0 0 0]
 [0 1 0 1 0]
 [0 0 0 0 1]]
[[1 0 0 0 1]
 [0 0 0 1 0]
 [0 0 0 0 0]]
[[1 0 1 1 0]
 [0 1 1 0 0]
 [0 0 0 0 0]]
[[1 0 0 1 1]
 [0 1 0 0 0]
 [0 0 0 0 0]]
[[1 0 1 1 1]
 [0 1 1 1 1]
 [0 0 0 0 0]]
[[1 0 1 0 1]
 [0 1 0 0 1]
 [0 0 0 1 1]]
[[1 0 0 1 1]
 [0 1 0 0 1]
 [0 0 1 0 0]]
[[1 0 0 1 1]
 [0 1 0 1 0]
 [0 0 1 0 1]]
[[1 0 0 1 0]
 [0 1 0 1 0]
 [0 0 0 0 0]]
[[1 0 0 0 1]
 [0 1 0 0 0]
 [0 0 0 1 1]]
[[0 1 0 0 0]
 [0 0 1 1 0]
 [0 0 0 0 0]]
[[1 0 0 0 0]
 [0 0 1 0 1]
 [0 0 0 1 0]]
[[1 0 0 1 1]
 [0 1 0 1 1]
 [0 0 1 0 1]]
[[1 1 1 0 0]
 [0 0 0 1 1]
 [0 0 0 0 0]]
[[1 0 1 1 0]
 [0 1 0 1 0]
 [0 0 0 0 0]]
[[1 0 0 0 1]
 [0 1 0 0 1]
 [0 0 1 0 1]]
[[1 0 0 1 0]
 [0 1 0 1 1]
 [0 0 0 0 0]]
[[1 0 1 0 1]
 [0 1 1 1 0]
 [0 0 0 0 0]]
[[1 1 1 0 1]
 [0 0 0 0 0]
 [0 0 0 0 0]]
[[1 1 0 0 1]
 [0 0 0 1 1]
 [0 0 0 0 0]]
[[1 0 0 0 1]
 [0 1 1 0 1]
 [0 0 0 1 1]]
[[1 1 0 0 0]
 [0 0 0 1 1]
 [0 0 0 0 0]]
[[1 0 1 0 0]
 [0 1 0 0 0]
 [0 0 0 0 0]]
[[1 0 0 0 0]
 [0 1 0 1 0]
 [0 0 1 0 0]]
[[1 0 1 1 0]
 [0 1 0 1 1]
 [0 0 0 0 0]]
[[1 0 0 1 0]
 [0 1 1 1 1]
 [0 0 0 0 0]]
[[1 1 0 0 1]
 [0 0 1 0 0]
 [0 0 0 0 0]]
[[1 0 1 0 0]
 [0 1 0 0 1]
 [0 0 0 1 0]]
[[1 1 0 0 0]
 [0 0 1 0 0]
 [0 0 0 0 0]]
[[1 0 1 0 0]
 [0 0 0 0 1]
 [0 0 0 0 0]]
[[0 1 1 0 0]
 [0 0 0 1 0]
 [0 0 0 0 1]]
[[1 0 0 0 0]
 [0 1 0 0 1]
 [0 0 0 1 0]]
[[0 1 0 0 1]
 [0 0 1 1 0]
 [0 0 0 0 0]]
[[1 0 0 0 0]
 [0 0 0 0 1]
 [0 0 0 0 0]]
[[1 1 0 1 1]
 [0 0 1 1 0]
 [0 0 0 0 0]]
[[1 0 1 1 0]
 [0 1 1 1 1]
 [0 0 0 0 0]]
[[0 1 0 0 0]
 [0 0 1 0 1]
 [0 0 0 1 1]]
[[1 0 0 0 0]
 [0 1 0 1 1]
 [0 0 1 0 0]]
[[1 1 0 1 0]
 [0 0 1 1 0]
 [0 0 0 0 1]]
[[1 0 0 0 1]
 [0 1 0 0 0]
 [0 0 1 0 0]]
[[1 0 1 0 0]
 [0 1 1 0 1]
 [0 0 0 0 0]]
[[1 0 1 0 0]
 [0 1 1 1 0]
 [0 0 0 0 1]]
[[1 0 0 1 0]
 [0 1 0 0 0]
 [0 0 1 1 0]]
[[1 0 1 1 1]
 [0 1 1 0 1]
 [0 0 0 0 0]]
[[0 0 1 0 0]
 [0 0 0 1 1]
 [0 0 0 0 0]]
[[1 0 0 1 1]
 [0 0 1 1 1]
 [0 0 0 0 0]]
[[1 0 1 0 0]
 [0 0 0 1 0]
 [0 0 0 0 1]]
[[1 0 0 0 1]
 [0 0 1 1 0]
 [0 0 0 0 0]]
[[1 0 1 0 1]
 [0 1 1 0 1]
 [0 0 0 1 1]]
[[0 1 0 0 1]
 [0 0 0 1 1]
 [0 0 0 0 0]]
[[1 0 0 1 1]
 [0 0 0 0 0]
 [0 0 0 0 0]]
[[1 0 0 0 1]
 [0 1 0 1 1]
 [0 0 0 0 0]]
[[1 1 0 0 0]
 [0 0 0 1 0]
 [0 0 0 0 1]]
[[1 0 1 0 1]
 [0 0 0 0 0]
 [0 0 0 0 0]]
[[1 0 0 0 0]
 [0 1 0 0 1]
 [0 0 1 0 1]]
[[1 1 1 0 0]
 [0 0 0 0 0]
 [0 0 0 0 0]]
[[1 0 0 1 1]
 [0 1 0 0 0]
 [0 0 1 0 1]]
[[0 1 0 1 1]
 [0 0 0 0 0]
 [0 0 0 0 0]]
[[1 1 1 1 1]
 [0 0 0 0 0]
 [0 0 0 0 0]]
[[1 1 0 1 1]
 [0 0 1 0 0]
 [0 0 0 0 0]]
[[0 1 0 0 1]
 [0 0 1 0 1]
 [0 0 0 1 1]]
[[0 1 1 0 1]
 [0 0 0 1 1]
 [0 0 0 0 0]]
[[1 0 0 1 0]
 [0 1 0 0 1]
 [0 0 1 0 0]]
[[1 0 0 1 0]
 [0 1 0 1 0]
 [0 0 1 0 1]]
[[1 0 1 1 0]
 [0 1 0 0 0]
 [0 0 0 0 0]]
[[1 1 0 0 1]
 [0 0 1 0 0]
 [0 0 0 1 0]]
[[1 1 0 0 0]
 [0 0 0 0 1]
 [0 0 0 0 0]]
[[1 0 0 0 1]
 [0 1 0 1 0]
 [0 0 0 0 0]]
[[1 1 0 0 0]
 [0 0 1 0 0]
 [0 0 0 1 0]]
[[1 0 1 0 0]
 [0 1 1 0 0]
 [0 0 0 1 1]]
[[1 0 1 0 0]
 [0 1 1 0 0]
 [0 0 0 0 1]]
[[0 1 0 1 1]
 [0 0 1 1 1]
 [0 0 0 0 0]]
[[1 0 0 0 0]
 [0 1 0 0 0]
 [0 0 0 1 1]]
[[1 0 0 0 0]
 [0 1 0 0 0]
 [0 0 0 0 1]]
[[0 0 0 1 0]
 [0 0 0 0 1]
 [0 0 0 0 0]]
[[1 0 0 0 1]
 [0 0 1 0 1]
 [0 0 0 1 1]]
[[1 0 1 0 0]
 [0 1 1 0 1]
 [0 0 0 1 0]]
[[1 0 0 1 0]
 [0 1 0 1 1]
 [0 0 1 0 1]]
[[1 1 0 0 1]
 [0 0 1 1 1]
 [0 0 0 0 0]]
[[1 1 0 0 0]
 [0 0 1 1 1]
 [0 0 0 0 0]]
[[1 0 1 1 0]
 [0 1 1 0 1]
 [0 0 0 0 0]]
[[1 0 0 1 1]
 [0 1 0 0 1]
 [0 0 0 0 0]]
[[1 0 1 1 0]
 [0 1 1 1 0]
 [0 0 0 0 1]]
[[1 0 0 1 0]
 [0 0 1 1 1]
 [0 0 0 0 0]]
[[1 0 0 0 0]
 [0 1 0 1 0]
 [0 0 1 1 0]]
[[1 0 1 0 0]
 [0 1 0 1 0]
 [0 0 0 0 1]]
[[1 0 0 1 0]
 [0 0 0 0 0]
 [0 0 0 0 0]]
[[1 1 0 1 0]
 [0 0 0 0 1]
 [0 0 0 0 0]]
[[1 0 0 0 0]
 [0 1 0 1 1]
 [0 0 1 1 0]]
[[1 0 0 0 1]
 [0 1 0 0 1]
 [0 0 0 1 1]]
[[1 0 1 0 1]
 [0 1 1 0 0]
 [0 0 0 0 0]]
[[1 1 1 1 0]
 [0 0 0 0 0]
 [0 0 0 0 0]]
[[0 0 1 0 1]
 [0 0 0 1 0]
 [0 0 0 0 0]]
[[1 0 1 1 0]
 [0 0 0 0 1]
 [0 0 0 0 0]]
[[1 1 0 0 0]
 [0 0 1 1 0]
 [0 0 0 0 1]]
[[0 0 1 1 0]
 [0 0 0 0 1]
 [0 0 0 0 0]]
[[1 0 0 1 0]
 [0 1 1 0 0]
 [0 0 0 0 0]]
[[1 0 1 0 1]
 [0 0 0 1 1]
 [0 0 0 0 0]]
[[1 0 0 0 1]
 [0 0 0 1 1]
 [0 0 0 0 0]]
[[0 1 0 0 1]
 [0 0 1 1 1]
 [0 0 0 0 0]]
[[0 0 1 0 0]
 [0 0 0 0 0]
 [0 0 0 0 0]]
[[1 0 0 0 0]
 [0 1 0 1 0]
 [0 0 0 0 0]]
[[1 0 1 0 0]
 [0 1 0 0 1]
 [0 0 0 0 0]]
[[0 1 1 0 1]
 [0 0 0 0 0]
 [0 0 0 0 0]]
[[1 0 0 1 1]
 [0 1 0 1 0]
 [0 0 1 0 0]]
[[1 0 0 0 0]
 [0 1 0 0 1]
 [0 0 1 1 1]]
[[0 1 0 0 1]
 [0 0 0 0 0]
 [0 0 0 0 0]]
[[1 0 0 0 1]
 [0 1 0 1 1]
 [0 0 1 0 1]]
[[0 1 0 0 0]
 [0 0 0 0 0]
 [0 0 0 0 0]]
[[1 0 0 1 1]
 [0 1 0 0 0]
 [0 0 1 1 1]]
[[0 1 0 0 1]
 [0 0 1 0 0]
 [0 0 0 1 0]]
[[0 1 0 0 0]
 [0 0 1 0 0]
 [0 0 0 1 0]]
[[0 1 1 0 0]
 [0 0 0 0 1]
 [0 0 0 0 0]]
[[1 0 0 0 1]
 [0 1 0 0 0]
 [0 0 0 0 0]]
[[1 1 0 0 1]
 [0 0 1 0 1]
 [0 0 0 0 0]]
[[1 1 0 1 1]
 [0 0 0 0 0]
 [0 0 0 0 0]]
[[1 1 0 0 0]
 [0 0 1 0 1]
 [0 0 0 0 0]]
[[1 0 0 1 0]
 [0 1 0 0 1]
 [0 0 1 1 0]]
[[1 0 0 1 0]
 [0 1 0 1 0]
 [0 0 1 1 1]]
[[1 0 0 1 1]
 [0 1 0 1 1]
 [0 0 1 0 0]]
[[0 1 0 1 0]
 [0 0 0 0 0]
 [0 0 0 0 0]]
[[0 1 0 0 0]
 [0 0 1 1 1]
 [0 0 0 0 0]]
[[1 0 0 0 1]
 [0 0 1 0 0]
 [0 0 0 1 0]]
[[1 0 0 1 1]
 [0 1 1 0 1]
 [0 0 0 0 0]]
[[1 0 0 1 0]
 [0 1 0 1 1]
 [0 0 1 1 1]]
[[1 0 1 0 1]
 [0 1 1 0 0]
 [0 0 0 1 0]]
[[1 1 0 1 1]
 [0 0 1 1 1]
 [0 0 0 0 0]]
[[0 1 0 1 0]
 [0 0 1 1 0]
 [0 0 0 0 0]]
[[0 1 0 1 1]
 [0 0 1 0 0]
 [0 0 0 0 0]]
[[1 0 0 1 1]
 [0 1 0 0 1]
 [0 0 1 0 1]]
[[0 1 1 1 0]
 [0 0 0 0 0]
 [0 0 0 0 0]]
[[1 0 1 0 1]
 [0 1 0 0 0]
 [0 0 0 0 0]]
[[1 0 0 0 1]
 [0 0 0 0 0]
 [0 0 0 0 0]]
[[1 0 1 0 0]
 [0 1 1 1 0]
 [0 0 0 0 0]]
[[1 0 1 1 1]
 [0 1 1 1 0]
 [0 0 0 0 0]]
[[1 0 0 0 0]
 [0 1 1 1 0]
 [0 0 0 0 0]]
[[1 1 0 1 0]
 [0 0 1 0 1]
 [0 0 0 0 0]]
[[1 0 1 0 0]
 [0 0 0 1 0]
 [0 0 0 0 0]]
[[1 0 1 1 0]
 [0 1 0 1 0]
 [0 0 0 0 1]]
[[1 0 0 0 1]
 [0 1 0 0 0]
 [0 0 0 1 0]]
[[1 0 0 0 0]
 [0 0 1 0 0]
 [0 0 0 1 1]]
[[1 0 1 0 1]
 [0 1 1 0 1]
 [0 0 0 0 0]]
[[1 1 0 0 1]
 [0 0 1 0 1]
 [0 0 0 1 0]]
[[1 0 0 0 0]
 [0 0 1 0 0]
 [0 0 0 0 1]]
[[1 1 0 0 0]
 [0 0 1 0 1]
 [0 0 0 1 0]]
[[1 0 0 0 0]
 [0 1 0 0 0]
 [0 0 1 1 0]]
[[1 0 0 0 1]
 [0 0 1 1 1]
 [0 0 0 0 0]]
[[1 1 0 0 0]
 [0 0 0 1 0]
 [0 0 0 0 0]]
[[0 1 0 0 0]
 [0 0 0 1 1]
 [0 0 0 0 0]]
[[1 0 1 0 0]
 [0 1 0 0 0]
 [0 0 0 1 1]]
[[1 0 1 0 0]
 [0 1 0 0 0]
 [0 0 0 0 1]]
[[1 0 0 0 1]
 [0 1 1 0 0]
 [0 0 0 0 0]]
[[1 0 0 1 0]
 [0 1 1 0 1]
 [0 0 0 0 0]]
[[1 0 0 1 0]
 [0 1 1 1 0]
 [0 0 0 0 1]]
[[1 0 0 1 1]
 [0 1 0 1 0]
 [0 0 1 1 0]]
[[1 1 0 0 1]
 [0 0 1 0 0]
 [0 0 0 1 1]]
[[1 0 0 1 0]
 [0 0 1 0 0]
 [0 0 0 0 0]]
[[0 1 1 1 1]
 [0 0 0 0 0]
 [0 0 0 0 0]]
[[1 0 0 0 1]
 [0 1 0 1 1]
 [0 0 1 1 1]]
[[1 1 1 0 0]
 [0 0 0 0 1]
 [0 0 0 0 0]]
[[1 0 1 1 0]
 [0 1 0 0 1]
 [0 0 0 0 0]]
[[0 1 0 1 0]
 [0 0 1 0 0]
 [0 0 0 0 0]]
[[1 0 0 0 0]
 [0 0 0 1 0]
 [0 0 0 0 0]]
[[1 0 0 1 0]
 [0 1 0 0 0]
 [0 0 0 0 0]]
[[1 0 0 1 1]
 [0 1 0 1 1]
 [0 0 1 1 0]]
[[1 0 0 1 0]
 [0 1 0 0 0]
 [0 0 1 1 1]]
[[0 0 1 0 1]
 [0 0 0 1 1]
 [0 0 0 0 0]]
[[1 0 1 0 1]
 [0 1 0 0 0]
 [0 0 0 1 0]]
[[1 0 0 0 1]
 [0 1 0 0 1]
 [0 0 1 1 0]]
[[1 0 0 0 1]
 [0 1 0 1 0]
 [0 0 1 1 1]]
[[1 0 0 1 0]
 [0 0 0 0 1]
 [0 0 0 0 0]]
[[1 1 1 0 0]
 [0 0 0 1 0]
 [0 0 0 0 1]]
[[1 0 0 0 0]
 [0 0 0 0 0]
 [0 0 0 0 0]]
[[1 0 1 1 0]
 [0 1 1 1 0]
 [0 0 0 0 0]]
[[0 1 0 0 1]
 [0 0 1 0 0]
 [0 0 0 0 0]]
[[0 1 0 0 0]
 [0 0 1 0 0]
 [0 0 0 0 0]]
[[1 0 1 0 1]
 [0 1 1 0 1]
 [0 0 0 1 0]]
[[1 1 0 1 0]
 [0 0 1 0 0]
 [0 0 0 0 1]]
[[1 0 0 1 1]
 [0 1 0 0 1]
 [0 0 1 1 1]]
[[1 0 1 0 0]
 [0 1 0 1 0]
 [0 0 0 0 0]]
[[1 0 0 1 1]
 [0 0 1 0 1]
 [0 0 0 0 0]]
[[1 0 0 0 0]
 [0 0 1 1 0]
 [0 0 0 0 0]]
[[1 0 1 1 1]
 [0 1 0 1 0]
 [0 0 0 0 0]]
[[1 0 0 0 0]
 [0 1 1 0 1]
 [0 0 0 1 1]]
[[0 0 1 0 0]
 [0 0 0 0 1]
 [0 0 0 0 0]]
[[1 0 0 0 1]
 [0 1 1 0 0]
 [0 0 0 1 0]]
[[1 0 0 0 1]
 [0 0 1 0 0]
 [0 0 0 0 0]]
[[1 0 0 0 0]
 [0 1 1 0 0]
 [0 0 0 0 0]]
[[1 0 0 0 1]
 [0 1 1 1 1]
 [0 0 0 0 0]]
[[1 0 1 1 0]
 [0 1 0 0 0]
 [0 0 0 0 1]]
[[1 0 1 0 0]
 [0 1 0 1 1]
 [0 0 0 0 0]]
[[0 1 0 0 0]
 [0 0 0 0 1]
 [0 0 0 0 0]]
[[0 0 0 0 1]
 [0 0 0 0 0]
 [0 0 0 0 0]]
[[1 0 1 1 1]
 [0 1 0 1 1]
 [0 0 0 0 0]]
[[1 0 0 0 0]
 [0 1 0 0 0]
 [0 0 1 0 0]]
[[1 0 0 0 0]
 [0 1 0 0 1]
 [0 0 1 1 0]]
[[1 0 0 0 0]
 [0 1 0 1 0]
 [0 0 1 1 1]]
[[1 0 0 1 1]
 [0 1 0 0 0]
 [0 0 1 1 0]]
[[1 0 1 0 1]
 [0 1 0 0 1]
 [0 0 0 0 0]]
[[0 0 0 1 0]
 [0 0 0 0 0]
 [0 0 0 0 0]]
[[1 1 0 1 0]
 [0 0 0 0 0]
 [0 0 0 0 0]]
[[1 0 0 0 0]
 [0 0 1 0 1]
 [0 0 0 1 1]]
[[1 0 0 1 0]
 [0 1 0 1 0]
 [0 0 1 1 0]]
[[1 0 0 0 0]
 [0 1 0 1 1]
 [0 0 0 0 0]]
[[1 0 0 0 0]
 [0 1 0 1 1]
 [0 0 1 1 1]]
[[1 0 1 0 1]
 [0 1 1 0 0]
 [0 0 0 1 1]]
[[1 0 0 0 1]
 [0 1 0 0 0]
 [0 0 1 1 1]]
[[0 0 1 0 0]
 [0 0 0 1 0]
 [0 0 0 0 1]]
[[1 0 1 0 0]
 [0 0 0 1 1]
 [0 0 0 0 0]]
[[1 0 0 1 1]
 [0 1 1 1 0]
 [0 0 0 0 0]]
[[1 0 0 1 0]
 [0 1 0 0 0]
 [0 0 1 0 1]]
[[1 0 0 1 0]
 [0 0 1 0 1]
 [0 0 0 0 0]]
[[1 0 0 1 0]
 [0 0 1 1 0]
 [0 0 0 0 1]]
[[1 0 0 0 0]
 [0 0 0 1 1]
 [0 0 0 0 0]]
[[0 1 0 1 0]
 [0 0 0 0 1]
 [0 0 0 0 0]]
[[0 1 0 0 0]
 [0 0 0 1 0]
 [0 0 0 0 1]]
[[1 0 0 0 0]
 [0 1 1 0 0]
 [0 0 0 1 0]]
[[1 0 0 0 1]
 [0 1 0 0 1]
 [0 0 1 0 0]]
[[1 0 0 0 1]
 [0 1 0 1 0]
 [0 0 1 0 1]]
[[1 0 0 1 0]
 [0 1 1 0 0]
 [0 0 0 0 1]]
[[1 0 0 1 0]
 [0 1 0 1 1]
 [0 0 1 1 0]]
[[1 0 0 0 0]
 [0 1 1 1 1]
 [0 0 0 0 0]]
[[1 0 1 0 0]
 [0 1 0 0 1]
 [0 0 0 1 1]]
[[1 0 0 0 1]
 [0 1 1 0 1]
 [0 0 0 0 0]]
[[0 0 1 1 1]
 [0 0 0 0 0]
 [0 0 0 0 0]]
[[1 0 0 0 0]
 [0 1 0 0 1]
 [0 0 0 1 1]]
[[0 0 1 0 1]
 [0 0 0 0 0]
 [0 0 0 0 0]]
[[0 0 0 1 1]
 [0 0 0 0 0]
 [0 0 0 0 0]]
[[0 1 0 1 0]
 [0 0 1 1 1]
 [0 0 0 0 0]]
[[1 0 1 1 0]
 [0 1 1 0 0]
 [0 0 0 0 1]]
[[0 1 0 1 1]
 [0 0 1 0 1]
 [0 0 0 0 0]]
[[0 0 1 1 0]
 [0 0 0 0 0]
 [0 0 0 0 0]]
[[1 1 1 0 1]
 [0 0 0 1 0]
 [0 0 0 0 0]]
[[1 1 0 0 1]
 [0 0 1 0 1]
 [0 0 0 1 1]]
[[0 1 1 0 0]
 [0 0 0 1 0]
 [0 0 0 0 0]]
[[1 1 0 0 0]
 [0 0 1 0 1]
 [0 0 0 1 1]]
[[1 0 0 1 0]
 [0 1 0 0 1]
 [0 0 0 0 0]]
[[1 0 0 1 0]
 [0 1 0 1 0]
 [0 0 0 0 1]]
[[1 0 0 1 0]
 [0 1 0 0 1]
 [0 0 1 1 1]]
[[1 0 1 0 1]
 [0 1 0 0 1]
 [0 0 0 1 0]]
[[0 1 0 0 0]
 [0 0 1 0 1]
 [0 0 0 0 0]]
[[1 1 0 1 0]
 [0 0 1 1 0]
 [0 0 0 0 0]]
[[0 1 0 0 0]
 [0 0 1 1 0]
 [0 0 0 0 1]]
[[1 0 0 0 0]
 [0 0 1 0 0]
 [0 0 0 0 0]]
[[0 1 1 0 0]
 [0 0 0 0 0]
 [0 0 0 0 0]]
[[0 1 0 1 0]
 [0 0 1 1 0]
 [0 0 0 0 1]]
[[1 0 0 1 0]
 [0 1 1 1 0]
 [0 0 0 0 0]]
[[1 0 1 1 1]
 [0 1 0 0 0]
 [0 0 0 0 0]]
[[1 0 0 0 1]
 [0 1 0 1 1]
 [0 0 1 1 0]]
[[1 0 1 0 0]
 [0 0 0 0 0]
 [0 0 0 0 0]]
[[1 0 0 0 0]
 [0 1 0 0 1]
 [0 0 1 0 0]]
[[1 0 0 0 0]
 [0 1 0 1 0]
 [0 0 1 0 1]]
[[1 0 1 0 1]
 [0 1 0 0 0]
 [0 0 0 1 1]]
[[1 0 0 1 1]
 [0 1 0 0 0]
 [0 0 1 0 0]]
[[1 1 0 0 0]
 [0 0 1 0 0]
 [0 0 0 1 1]]
[[1 0 0 0 1]
 [0 1 1 0 1]
 [0 0 0 1 0]]
[[1 1 0 0 0]
 [0 0 1 0 0]
 [0 0 0 0 1]]
[[0 1 0 0 1]
 [0 0 1 0 1]
 [0 0 0 0 0]]
[[1 0 0 1 0]
 [0 1 0 1 0]
 [0 0 1 0 0]]
[[1 1 0 1 1]
 [0 0 1 0 1]
 [0 0 0 0 0]]
[[1 0 1 0 1]
 [0 0 0 1 0]
 [0 0 0 0 0]]
[[1 0 0 0 0]
 [0 1 1 1 0]
 [0 0 0 0 1]]
[[1 0 0 0 0]
 [0 1 0 1 1]
 [0 0 1 0 1]]
[[1 0 1 0 0]
 [0 1 1 0 1]
 [0 0 0 1 1]]
[[1 0 0 0 1]
 [0 1 0 0 0]
 [0 0 1 0 1]]
